((1.0000000000000002, 16, 16), (1.0000000000000002, 16, 16))
((1.0000000000000002, 12, 12), (1.0000000000000002, 15, 15))
((1.0000000000000002, 10, 10), (1.0000000000000002, 13, 13))
((1.0000000000000002, 6, 6), (1.0000000000000002, 8, 8))
((1.0, 18, 18), (1.0000000000000002, 7, 7))
((1.0, 17, 17), (1.0000000000000002, 4, 4))
((1.0, 13, 13), (1.0000000000000002, 2, 2))
((1.0, 11, 11), (1.0000000000000002, 1, 1))
((1.0, 8, 8), (1.0, 19, 19))
((1.0, 7, 7), (1.0, 18, 18))
((1.0, 5, 5), (1.0, 17, 17))
((1.0, 3, 3), (1.0, 14, 14))
((1.0, 3, 0), (1.0, 12, 12))
((1.0, 2, 2), (1.0, 11, 11))
((1.0, 1, 1), (1.0, 10, 10))
((1.0, 0, 3), (1.0, 9, 9))
((1.0, 0, 0), (1.0, 6, 6))
((0.9999999999999999, 15, 15), (1.0, 5, 5))
((0.9999999999999999, 14, 14), (1.0, 3, 3))
((0.9999999999999999, 9, 9), (1.0, 3, 0))
((0.9999999999999999, 4, 4), (1.0, 0, 3))
((0.9999999999999998, 19, 19), (1.0, 0, 0))
((0.5807802643992632, 10, 7), (0.58078026439926134, 10, 7))
((0.5807802643992632, 7, 10), (0.58078026439926134, 7, 10))
((0.2782814140882706, 17, 9), (0.27828141408827012, 17, 9))
((0.2782814140882706, 9, 17), (0.27828141408827012, 9, 17))
((0.22672009047482877, 10, 9), (0.22672009047482894, 10, 9))
((0.22672009047482877, 9, 10), (0.22672009047482894, 9, 10))
((0.22232341103040654, 9, 1), (0.22232341103040748, 9, 1))
((0.22232341103040654, 1, 9), (0.22232341103040748, 1, 9))
((0.21407258177459534, 17, 1), (0.21407258177459559, 17, 1))
((0.21407258177459534, 1, 17), (0.21407258177459559, 1, 17))
((0.18456721081426744, 17, 10), (0.18456721081426694, 17, 10))
((0.18456721081426744, 10, 17), (0.18456721081426694, 10, 17))
((0.18169349528755477, 10, 1), (0.18169349528755521, 10, 1))
((0.18169349528755477, 1, 10), (0.18169349528755521, 1, 10))
((0.1728197851702902, 7, 1), (0.17281978517029073, 7, 1))
((0.1728197851702902, 1, 7), (0.17281978517029073, 1, 7))
((0.16058362206646504, 18, 17), (0.16058362206646482, 18, 17))
((0.16058362206646504, 17, 18), (0.16058362206646482, 17, 18))
((0.15897557174580115, 9, 7), (0.15897557174580124, 9, 7))
((0.15897557174580115, 7, 9), (0.15897557174580124, 7, 9))
((0.15516165937813337, 18, 9), (0.15516165937813353, 18, 9))
((0.15516165937813337, 9, 18), (0.15516165937813353, 9, 18))
((0.13750090736599926, 17, 7), (0.13750090736599888, 17, 7))
((0.13750090736599926, 7, 17), (0.13750090736599888, 7, 17))
((0.11684001516485405, 11, 4), (0.11684001516485461, 11, 4))
((0.11684001516485405, 4, 11), (0.11684001516485461, 4, 11))
((0.11378237325442643, 18, 1), (0.11378237325442679, 18, 1))
((0.11378237325442643, 1, 18), (0.11378237325442679, 1, 18))
((0.10358726000988616, 11, 3), (0.10358726000988634, 11, 3))
((0.10358726000988616, 11, 0), (0.10358726000988634, 11, 0))
((0.10358726000988616, 3, 11), (0.10358726000988634, 3, 11))
((0.10358726000988616, 0, 11), (0.10358726000988634, 0, 11))
((0.09952081828593143, 6, 3), (0.099520818285931525, 6, 3))
((0.09952081828593143, 6, 0), (0.099520818285931525, 6, 0))
((0.09952081828593143, 3, 6), (0.099520818285931525, 3, 6))
((0.09952081828593143, 0, 6), (0.099520818285931525, 0, 6))
((0.09921301137149295, 18, 10), (0.099213011371492826, 18, 10))
((0.09921301137149295, 10, 18), (0.099213011371492826, 10, 18))
((0.09024208537889154, 12, 11), (0.090242085378891557, 12, 11))
((0.09024208537889154, 11, 12), (0.090242085378891557, 11, 12))
((0.08483159775461929, 8, 1), (0.084831597754619598, 8, 1))
((0.08483159775461929, 1, 8), (0.084831597754619598, 1, 8))
((0.08245378245549376, 12, 6), (0.082453782455493785, 12, 6))
((0.08245378245549376, 6, 12), (0.082453782455493785, 6, 12))
((0.08143156679463444, 18, 3), (0.081431566794634605, 18, 3))
((0.08143156679463444, 18, 0), (0.081431566794634605, 18, 0))
((0.08143156679463444, 3, 18), (0.081431566794634605, 3, 18))
((0.08143156679463444, 0, 18), (0.081431566794634605, 0, 18))
((0.0799430425513411, 3, 2), (0.07994304255134134, 3, 2))
((0.0799430425513411, 2, 3), (0.07994304255134134, 2, 3))
((0.0799430425513411, 2, 0), (0.07994304255134134, 2, 0))
((0.0799430425513411, 0, 2), (0.07994304255134134, 0, 2))
((0.0790209463730082, 19, 7), (0.079020946373008286, 19, 7))
((0.0790209463730082, 7, 19), (0.079020946373008286, 7, 19))
((0.07869321050162893, 11, 8), (0.07869321050162896, 11, 8))
((0.07869321050162893, 8, 11), (0.07869321050162896, 8, 11))
((0.07519793733565423, 4, 3), (0.075197937335654608, 4, 3))
((0.07519793733565423, 4, 0), (0.075197937335654608, 4, 0))
((0.07519793733565423, 3, 4), (0.075197937335654608, 3, 4))
((0.07519793733565423, 0, 4), (0.075197937335654608, 0, 4))
((0.07433917532881004, 18, 7), (0.074339175328810028, 18, 7))
((0.07433917532881004, 7, 18), (0.074339175328810028, 7, 18))
((0.07372570995037109, 17, 8), (0.073725709950370921, 17, 8))
((0.07372570995037109, 8, 17), (0.073725709950370921, 8, 17))
((0.0728157356424017, 15, 4), (0.072815735642401958, 15, 4))
((0.0728157356424017, 4, 15), (0.072815735642401958, 4, 15))
((0.07253050319815955, 8, 3), (0.072530503198159624, 8, 3))
((0.07253050319815955, 8, 0), (0.072530503198159624, 8, 0))
((0.07253050319815955, 3, 8), (0.072530503198159624, 3, 8))
((0.07253050319815955, 0, 8), (0.072530503198159624, 0, 8))
((0.07182604392526858, 19, 1), (0.071826043925268937, 19, 1))
((0.07182604392526858, 1, 19), (0.071826043925268937, 1, 19))
((0.07173850244886497, 19, 17), (0.071738502448864927, 19, 17))
((0.07173850244886497, 17, 19), (0.071738502448864927, 17, 19))
((0.06982429519949192, 19, 10), (0.069824295199491959, 19, 10))
((0.06982429519949192, 10, 19), (0.069824295199491959, 10, 19))
((0.06813393352288491, 19, 8), (0.06813393352288509, 19, 8))
((0.06813393352288491, 8, 19), (0.06813393352288509, 8, 19))
((0.06660479318913701, 6, 1), (0.066604793189137243, 6, 1))
((0.06660479318913701, 1, 6), (0.066604793189137243, 1, 6))
((0.0656101573958162, 8, 7), (0.065610157395816202, 8, 7))
((0.0656101573958162, 7, 8), (0.065610157395816202, 7, 8))
((0.0647499860674413, 19, 9), (0.06474998606744152, 19, 9))
((0.0647499860674413, 9, 19), (0.06474998606744152, 9, 19))
((0.06416067383609506, 11, 2), (0.064160673836095194, 11, 2))
((0.06416067383609506, 2, 11), (0.064160673836095194, 2, 11))
((0.06328252995482614, 12, 3), (0.063282529954826208, 12, 3))
((0.06328252995482614, 12, 0), (0.063282529954826208, 12, 0))
((0.06328252995482614, 3, 12), (0.063282529954826208, 3, 12))
((0.06328252995482614, 0, 12), (0.063282529954826208, 0, 12))
((0.0632159466276099, 11, 5), (0.063215946627610223, 11, 5))
((0.0632159466276099, 5, 11), (0.063215946627610223, 5, 11))
((0.061351651975365525, 19, 18), (0.061351651975365663, 19, 18))
((0.061351651975365525, 18, 19), (0.061351651975365663, 18, 19))
((0.06038398541584292, 12, 8), (0.060383985415842931, 12, 8))
((0.06038398541584292, 8, 12), (0.060383985415842931, 8, 12))
((0.058148791245823075, 15, 1), (0.058148791245823298, 15, 1))
((0.058148791245823075, 1, 15), (0.058148791245823298, 1, 15))
((0.05731250955905486, 11, 6), (0.057312509559054849, 11, 6))
((0.05731250955905486, 6, 11), (0.057312509559054849, 6, 11))
((0.0560759645841174, 10, 8), (0.056075964584117406, 10, 8))
((0.0560759645841174, 8, 10), (0.056075964584117406, 8, 10))
((0.056063241885226614, 18, 6), (0.056063241885226649, 18, 6))
((0.056063241885226614, 6, 18), (0.056063241885226649, 6, 18))
((0.05560549017296803, 19, 3), (0.055605490172968161, 19, 3))
((0.05560549017296803, 19, 0), (0.055605490172968161, 19, 0))
((0.05560549017296803, 3, 19), (0.055605490172968161, 3, 19))
((0.05560549017296803, 0, 19), (0.055605490172968161, 0, 19))
((0.055205483210886745, 8, 4), (0.055205483210886926, 8, 4))
((0.055205483210886745, 4, 8), (0.055205483210886926, 4, 8))
((0.054813035344722365, 12, 4), (0.054813035344722573, 12, 4))
((0.054813035344722365, 4, 12), (0.054813035344722573, 4, 12))
((0.05320923955434378, 13, 3), (0.053209239554344007, 13, 3))
((0.05320923955434378, 13, 0), (0.053209239554344007, 13, 0))
((0.05320923955434378, 3, 13), (0.053209239554344007, 3, 13))
((0.05320923955434378, 0, 13), (0.053209239554344007, 0, 13))
((0.053075763211513124, 13, 4), (0.053075763211513485, 13, 4))
((0.053075763211513124, 4, 13), (0.053075763211513485, 4, 13))
((0.052933835048671864, 4, 2), (0.052933835048672169, 4, 2))
((0.052933835048671864, 2, 4), (0.052933835048672169, 2, 4))
((0.05240674398872653, 6, 2), (0.052406743988726641, 6, 2))
((0.05240674398872653, 2, 6), (0.052406743988726641, 2, 6))
((0.051503384974920394, 12, 1), (0.051503384974920546, 12, 1))
((0.051503384974920394, 1, 12), (0.051503384974920546, 1, 12))
((0.05069686829474374, 18, 4), (0.050696868294743978, 18, 4))
((0.05069686829474374, 4, 18), (0.050696868294743978, 4, 18))
((0.050562818507970286, 9, 8), (0.050562818507970349, 9, 8))
((0.050562818507970286, 8, 9), (0.050562818507970349, 8, 9))
((0.05031058279046055, 9, 3), (0.050310582790460683, 9, 3))
((0.05031058279046055, 9, 0), (0.050310582790460683, 9, 0))
((0.05031058279046055, 3, 9), (0.050310582790460683, 3, 9))
((0.05031058279046055, 0, 9), (0.050310582790460683, 0, 9))
((0.04969100923436017, 7, 6), (0.049691009234360151, 7, 6))
((0.04969100923436017, 6, 7), (0.049691009234360151, 6, 7))
((0.048628713309770075, 13, 2), (0.048628713309770331, 13, 2))
((0.048628713309770075, 2, 13), (0.048628713309770331, 2, 13))
((0.0486221709427573, 15, 12), (0.048622170942757302, 15, 12))
((0.0486221709427573, 12, 15), (0.048622170942757302, 12, 15))
((0.04813579791049008, 15, 11), (0.048135797910490108, 15, 11))
((0.04813579791049008, 11, 15), (0.048135797910490108, 11, 15))
((0.04772206800511693, 11, 1), (0.047722068005117101, 11, 1))
((0.04772206800511693, 1, 11), (0.047722068005117101, 1, 11))
((0.04762429002014041, 15, 8), (0.047624290020140424, 15, 8))
((0.04762429002014041, 8, 15), (0.047624290020140424, 8, 15))
((0.04734950847997332, 18, 12), (0.047349508479973344, 18, 12))
((0.04734950847997332, 12, 18), (0.047349508479973344, 12, 18))
((0.04710397387498321, 15, 3), (0.047103973874983281, 15, 3))
((0.04710397387498321, 15, 0), (0.047103973874983281, 15, 0))
((0.04710397387498321, 3, 15), (0.047103973874983281, 3, 15))
((0.04710397387498321, 0, 15), (0.047103973874983281, 0, 15))
((0.046637144933763544, 15, 6), (0.046637144933763565, 15, 6))
((0.046637144933763544, 6, 15), (0.046637144933763565, 6, 15))
((0.045849505690122985, 5, 3), (0.045849505690123263, 5, 3))
((0.045849505690122985, 5, 0), (0.045849505690123263, 5, 0))
((0.045849505690122985, 3, 5), (0.045849505690123263, 3, 5))
((0.045849505690122985, 0, 5), (0.045849505690123263, 0, 5))
((0.04483603301968717, 17, 12), (0.044836033019687062, 17, 12))
((0.04483603301968717, 12, 17), (0.044836033019687062, 12, 17))
((0.04450607441645834, 6, 4), (0.04450607441645852, 6, 4))
((0.04450607441645834, 4, 6), (0.04450607441645852, 4, 6))
((0.044275196472589456, 3, 1), (0.044275196472589644, 3, 1))
((0.044275196472589456, 1, 3), (0.044275196472589644, 1, 3))
((0.044275196472589456, 1, 0), (0.044275196472589644, 1, 0))
((0.044275196472589456, 0, 1), (0.044275196472589644, 0, 1))
((0.043771828157967825, 19, 11), (0.043771828157967867, 19, 11))
((0.043771828157967825, 11, 19), (0.043771828157967867, 11, 19))
((0.043665331559729355, 18, 11), (0.04366533155972941, 18, 11))
((0.043665331559729355, 11, 18), (0.04366533155972941, 11, 18))
((0.04346815181729746, 8, 6), (0.043468151817297469, 8, 6))
((0.04346815181729746, 6, 8), (0.043468151817297469, 6, 8))
((0.04258722818108108, 5, 1), (0.042587228181081398, 5, 1))
((0.04258722818108108, 1, 5), (0.042587228181081398, 1, 5))
((0.04240832900274633, 5, 4), (0.042408329002746693, 5, 4))
((0.04240832900274633, 4, 5), (0.042408329002746693, 4, 5))
((0.041258735187386736, 13, 11), (0.041258735187386875, 13, 11))
((0.041258735187386736, 11, 13), (0.041258735187386875, 11, 13))
((0.04050330878794874, 13, 6), (0.040503308787948888, 13, 6))
((0.04050330878794874, 6, 13), (0.040503308787948888, 6, 13))
((0.03999902137969332, 18, 8), (0.03999902137969337, 18, 8))
((0.03999902137969332, 8, 18), (0.03999902137969337, 8, 18))
((0.039829546323529655, 17, 15), (0.039829546323529592, 17, 15))
((0.039829546323529655, 15, 17), (0.039829546323529592, 15, 17))
((0.03929582761558185, 15, 10), (0.039295827615581806, 15, 10))
((0.03929582761558185, 10, 15), (0.039295827615581806, 10, 15))
((0.039254954241505866, 19, 2), (0.03925495424150599, 19, 2))
((0.039254954241505866, 2, 19), (0.03925495424150599, 2, 19))
((0.039119545681835705, 18, 2), (0.039119545681835781, 18, 2))
((0.039119545681835705, 2, 18), (0.039119545681835781, 2, 18))
((0.03895381066017583, 11, 7), (0.038953810660175808, 11, 7))
((0.03895381066017583, 7, 11), (0.038953810660175808, 7, 11))
((0.038802648855455285, 8, 5), (0.038802648855455465, 8, 5))
((0.038802648855455285, 5, 8), (0.038802648855455465, 5, 8))
((0.038053494742513634, 15, 2), (0.03805349474251371, 15, 2))
((0.038053494742513634, 2, 15), (0.03805349474251371, 2, 15))
((0.03774132615875766, 8, 2), (0.037741326158757756, 8, 2))
((0.03774132615875766, 2, 8), (0.037741326158757756, 2, 8))
((0.03736247838851794, 4, 1), (0.037362478388518201, 4, 1))
((0.03736247838851794, 1, 4), (0.037362478388518201, 1, 4))
((0.03691425221506428, 17, 3), (0.036914252215064239, 17, 3))
((0.03691425221506428, 17, 0), (0.036914252215064239, 17, 0))
((0.03691425221506428, 3, 17), (0.036914252215064239, 3, 17))
((0.03691425221506428, 0, 17), (0.036914252215064239, 0, 17))
((0.036666488625224966, 17, 4), (0.036666488625225022, 17, 4))
((0.036666488625224966, 4, 17), (0.036666488625225022, 4, 17))
((0.03653432046347576, 19, 4), (0.036534320463475968, 19, 4))
((0.03653432046347576, 4, 19), (0.036534320463475968, 4, 19))
((0.03649743206618156, 15, 9), (0.036497432066181612, 15, 9))
((0.03649743206618156, 9, 15), (0.036497432066181612, 9, 15))
((0.03649259626342895, 19, 13), (0.036492596263429149, 19, 13))
((0.03649259626342895, 13, 19), (0.036492596263429149, 13, 19))
((0.03617867347227849, 19, 6), (0.036178673472278544, 19, 6))
((0.03617867347227849, 6, 19), (0.036178673472278544, 6, 19))
((0.03576707574448073, 11, 9), (0.035767075744480792, 11, 9))
((0.03576707574448073, 9, 11), (0.035767075744480792, 9, 11))
((0.03530376776194959, 18, 15), (0.035303767761949621, 18, 15))
((0.03530376776194959, 15, 18), (0.035303767761949621, 15, 18))
((0.03464184805598467, 10, 3), (0.034641848055984692, 10, 3))
((0.03464184805598467, 10, 0), (0.034641848055984692, 10, 0))
((0.03464184805598467, 3, 10), (0.034641848055984692, 3, 10))
((0.03464184805598467, 0, 10), (0.034641848055984692, 0, 10))
((0.0342023169554495, 7, 3), (0.034202316955449535, 7, 3))
((0.0342023169554495, 7, 0), (0.034202316955449535, 7, 0))
((0.0342023169554495, 3, 7), (0.034202316955449535, 3, 7))
((0.0342023169554495, 0, 7), (0.034202316955449535, 0, 7))
((0.033658319163969004, 13, 8), (0.033658319163969115, 13, 8))
((0.033658319163969004, 8, 13), (0.033658319163969115, 8, 13))
((0.032858432068231046, 13, 12), (0.032858432068231157, 13, 12))
((0.032858432068231046, 12, 13), (0.032858432068231157, 12, 13))
((0.03272845634936892, 2, 1), (0.032728456349369071, 2, 1))
((0.03272845634936892, 1, 2), (0.032728456349369071, 1, 2))
((0.0326169243636039, 17, 11), (0.032616924363603833, 17, 11))
((0.0326169243636039, 11, 17), (0.032616924363603833, 11, 17))
((0.03240379307975365, 13, 1), (0.03240379307975387, 13, 1))
((0.03240379307975365, 1, 13), (0.03240379307975387, 1, 13))
((0.03228131627896062, 11, 10), (0.032281316278960595, 11, 10))
((0.03228131627896062, 10, 11), (0.032281316278960595, 10, 11))
((0.031671325580957636, 12, 9), (0.031671325580957671, 12, 9))
((0.031671325580957636, 9, 12), (0.031671325580957671, 9, 12))
((0.0314310066777364, 5, 2), (0.031431006677736587, 5, 2))
((0.0314310066777364, 2, 5), (0.031431006677736587, 2, 5))
((0.031125059023089378, 7, 2), (0.031125059023089409, 7, 2))
((0.031125059023089378, 2, 7), (0.031125059023089409, 2, 7))
((0.03083187628196283, 10, 5), (0.030831876281962902, 10, 5))
((0.03083187628196283, 5, 10), (0.030831876281962902, 5, 10))
((0.030116020956257473, 9, 6), (0.030116020956257494, 9, 6))
((0.030116020956257473, 6, 9), (0.030116020956257494, 6, 9))
((0.029971553424151958, 19, 15), (0.029971553424152017, 19, 15))
((0.029971553424151958, 15, 19), (0.029971553424152017, 15, 19))
((0.0299133298563889, 7, 4), (0.029913329856388983, 7, 4))
((0.0299133298563889, 4, 7), (0.029913329856388983, 4, 7))
((0.028711350689822588, 17, 5), (0.028711350689822633, 17, 5))
((0.028711350689822588, 5, 17), (0.028711350689822633, 5, 17))
((0.02869232946755262, 10, 6), (0.028692329467552596, 10, 6))
((0.02869232946755262, 6, 10), (0.028692329467552596, 6, 10))
((0.028492367911768113, 7, 5), (0.028492367911768228, 7, 5))
((0.028492367911768113, 5, 7), (0.028492367911768228, 5, 7))
((0.028118264719946957, 13, 5), (0.028118264719947175, 13, 5))
((0.028118264719946957, 5, 13), (0.028118264719947175, 5, 13))
((0.027886116300609585, 17, 13), (0.027886116300609602, 17, 13))
((0.027886116300609585, 13, 17), (0.027886116300609602, 13, 17))
((0.026960780040703604, 18, 13), (0.026960780040703722, 18, 13))
((0.026960780040703604, 13, 18), (0.026960780040703722, 13, 18))
((0.02670184914710515, 12, 2), (0.026701849147105199, 12, 2))
((0.02670184914710515, 2, 12), (0.026701849147105199, 2, 12))
((0.026370080077363165, 12, 5), (0.026370080077363273, 12, 5))
((0.026370080077363165, 5, 12), (0.026370080077363273, 5, 12))
((0.02617564139863636, 15, 13), (0.026175641398636443, 15, 13))
((0.02617564139863636, 13, 15), (0.026175641398636443, 13, 15))
((0.025867003541582355, 6, 5), (0.025867003541582473, 6, 5))
((0.025867003541582355, 5, 6), (0.025867003541582473, 5, 6))
((0.025358668605415993, 9, 5), (0.025358668605416131, 9, 5))
((0.025358668605415993, 5, 9), (0.025358668605416131, 5, 9))
((0.02488623862945528, 19, 5), (0.024886238629455409, 19, 5))
((0.02488623862945528, 5, 19), (0.024886238629455409, 5, 19))
((0.02485435582602302, 10, 2), (0.02485435582602304, 10, 2))
((0.02485435582602302, 2, 10), (0.02485435582602304, 2, 10))
((0.024628347641891958, 10, 4), (0.024628347641892024, 10, 4))
((0.024628347641891958, 4, 10), (0.024628347641892024, 4, 10))
((0.02444525989453317, 14, 2), (0.024445259894533892, 14, 2))
((0.02444525989453317, 2, 14), (0.024445259894533892, 2, 14))
((0.024192603542977337, 17, 6), (0.024192603542977288, 17, 6))
((0.024192603542977337, 6, 17), (0.024192603542977288, 6, 17))
((0.024112607813620714, 14, 4), (0.024112607813621456, 14, 4))
((0.024112607813620714, 4, 14), (0.024112607813621456, 4, 14))
((0.024004362146973202, 13, 9), (0.024004362146973306, 13, 9))
((0.024004362146973202, 9, 13), (0.024004362146973306, 9, 13))
((0.02357498688173238, 9, 4), (0.023574986881732492, 9, 4))
((0.02357498688173238, 4, 9), (0.023574986881732492, 4, 9))
((0.023207276925413883, 15, 7), (0.023207276925413883, 15, 7))
((0.023207276925413883, 7, 15), (0.023207276925413883, 7, 15))
((0.0231502569854995, 19, 12), (0.02315025698549953, 19, 12))
((0.0231502569854995, 12, 19), (0.02315025698549953, 12, 19))
((0.0230210549157835, 14, 6), (0.023021054915784142, 14, 6))
((0.0230210549157835, 6, 14), (0.023021054915784142, 6, 14))
((0.022607521758268165, 18, 5), (0.022607521758268277, 18, 5))
((0.022607521758268165, 5, 18), (0.022607521758268277, 5, 18))
((0.02198064407251326, 13, 7), (0.021980644072513315, 13, 7))
((0.02198064407251326, 7, 13), (0.021980644072513315, 7, 13))
((0.021888120875611688, 14, 3), (0.021888120875612316, 14, 3))
((0.021888120875611688, 14, 0), (0.021888120875612316, 14, 0))
((0.021888120875611688, 3, 14), (0.021888120875612316, 3, 14))
((0.021888120875611688, 0, 14), (0.021888120875612316, 0, 14))
((0.02112908827916077, 12, 7), (0.021129088279160758, 12, 7))
((0.02112908827916077, 7, 12), (0.021129088279160758, 7, 12))
((0.021025499985850772, 15, 14), (0.021025499985851352, 15, 14))
((0.021025499985850772, 14, 15), (0.021025499985851352, 14, 15))
((0.020901631667512924, 17, 2), (0.020901631667512906, 17, 2))
((0.020901631667512924, 2, 17), (0.020901631667512906, 2, 17))
((0.01987844212553902, 12, 10), (0.019878442125538992, 12, 10))
((0.01987844212553902, 10, 12), (0.019878442125538992, 10, 12))
((0.019687500811272792, 15, 5), (0.019687500811272882, 15, 5))
((0.019687500811272792, 5, 15), (0.019687500811272882, 5, 15))
((0.019217280399259823, 13, 10), (0.019217280399259871, 13, 10))
((0.019217280399259823, 10, 13), (0.019217280399259871, 10, 13))
((0.018796566490204784, 14, 8), (0.018796566490205301, 14, 8))
((0.018796566490204784, 8, 14), (0.018796566490205301, 8, 14))
((0.018258310848681788, 19, 14), (0.018258310848682315, 19, 14))
((0.018258310848681788, 14, 19), (0.018258310848682315, 14, 19))
((0.017069359784461648, 9, 2), (0.0170693597844617, 9, 2))
((0.017069359784461648, 2, 9), (0.0170693597844617, 2, 9))
((0.016691712690600997, 14, 12), (0.016691712690601452, 14, 12))
((0.016691712690600997, 12, 14), (0.016691712690601452, 12, 14))
((0.016343934397031426, 14, 11), (0.016343934397031887, 14, 11))
((0.016343934397031426, 11, 14), (0.016343934397031887, 11, 14))
((0.01622863237480493, 14, 13), (0.016228632374805419, 14, 13))
((0.01622863237480493, 13, 14), (0.016228632374805419, 13, 14))
((0.014180244660344635, 16, 8), (0.014180244660344121, 16, 8))
((0.014180244660344635, 8, 16), (0.014180244660344121, 8, 16))
((0.013776007655132013, 18, 14), (0.013776007655132403, 18, 14))
((0.013776007655132013, 14, 18), (0.013776007655132403, 14, 18))
((0.012655486008290083, 14, 1), (0.01265548600829048, 14, 1))
((0.012655486008290083, 1, 14), (0.01265548600829048, 1, 14))
((0.011746971874050697, 16, 11), (0.011746971874050275, 16, 11))
((0.011746971874050697, 11, 16), (0.011746971874050275, 11, 16))
((0.01116851364557174, 16, 12), (0.01116851364557133, 16, 12))
((0.01116851364557174, 12, 16), (0.01116851364557133, 12, 16))
((0.01116544179921937, 16, 15), (0.011165441799218967, 16, 15))
((0.01116544179921937, 15, 16), (0.011165441799218967, 15, 16))
((0.01060066069930032, 14, 9), (0.010600660699300622, 14, 9))
((0.01060066069930032, 9, 14), (0.010600660699300622, 9, 14))
((0.009304009412666176, 14, 7), (0.0093040094126664238, 14, 7))
((0.009304009412666176, 7, 14), (0.0093040094126664238, 7, 14))
((0.009170126428219435, 16, 6), (0.0091701264282191015, 16, 6))
((0.009170126428219435, 6, 16), (0.0091701264282191015, 6, 16))
((0.008984480406409015, 16, 3), (0.0089844804064086996, 16, 3))
((0.008984480406409015, 16, 0), (0.0089844804064086996, 16, 0))
((0.008984480406409015, 3, 16), (0.0089844804064086996, 3, 16))
((0.008984480406409015, 0, 16), (0.0089844804064086996, 0, 16))
((0.00894748502917286, 16, 1), (0.0089474850291725635, 16, 1))
((0.00894748502917286, 1, 16), (0.0089474850291725635, 1, 16))
((0.0082611505266717, 19, 16), (0.008261150526671408, 19, 16))
((0.0082611505266717, 16, 19), (0.008261150526671408, 16, 19))
((0.008001219064002314, 14, 5), (0.0080012190640025675, 14, 5))
((0.008001219064002314, 5, 14), (0.0080012190640025675, 5, 14))
((0.007799716294149828, 17, 14), (0.0077997162941500229, 17, 14))
((0.007799716294149828, 14, 17), (0.0077997162941500229, 14, 17))
((0.007724128970533984, 16, 4), (0.0077241289705337309, 16, 4))
((0.007724128970533984, 4, 16), (0.0077241289705337309, 4, 16))
((0.007471966721372339, 18, 16), (0.0074719667213720715, 18, 16))
((0.007471966721372339, 16, 18), (0.0074719667213720715, 16, 18))
((0.00730153599366259, 17, 16), (0.0073015359936623109, 17, 16))
((0.00730153599366259, 16, 17), (0.0073015359936623109, 16, 17))
((0.0072721902572379215, 14, 10), (0.0072721902572381158, 14, 10))
((0.0072721902572379215, 10, 14), (0.0072721902572381158, 10, 14))
((0.0064329781231502545, 16, 2), (0.0064329781231500351, 16, 2))
((0.0064329781231502545, 2, 16), (0.0064329781231500351, 2, 16))
((0.006060442193728823, 16, 5), (0.0060604421937286278, 16, 5))
((0.006060442193728823, 5, 16), (0.0060604421937286278, 5, 16))
((0.0058814652431682804, 16, 7), (0.0058814652431680636, 16, 7))
((0.0058814652431682804, 7, 16), (0.0058814652431680636, 7, 16))
((0.00503777806800162, 16, 13), (0.0050377780680014549, 16, 13))
((0.00503777806800162, 13, 16), (0.0050377780680014549, 13, 16))
((0.0047019052900475165, 16, 9), (0.0047019052900473517, 16, 9))
((0.0047019052900475165, 9, 16), (0.0047019052900473517, 9, 16))
((0.003353881018425455, 16, 10), (0.0033538810184253294, 16, 10))
((0.003353881018425455, 10, 16), (0.0033538810184253294, 10, 16))
((0.0032800664006143493, 16, 14), (0.0032800664006143202, 16, 14))
((0.0032800664006143493, 14, 16), (0.0032800664006143202, 14, 16))
