((1.0000000000000002, 3, 3), (1.0000000000000002, 3, 3))
((1.0000000000000002, 3, 0), (1.0000000000000002, 3, 0))
((1.0000000000000002, 1, 1), (1.0000000000000002, 0, 3))
((1.0000000000000002, 0, 3), (1.0000000000000002, 0, 0))
((1.0000000000000002, 0, 0), (1.0, 4, 4))
((1.0, 4, 4), (1.0, 2, 2))
((1.0, 2, 2), (1.0, 1, 1))
((0.09820951006682767, 3, 2), (0.098209510066827738, 3, 2))
((0.09820951006682767, 2, 3), (0.098209510066827738, 2, 3))
((0.09820951006682767, 2, 0), (0.098209510066827738, 2, 0))
((0.09820951006682767, 0, 2), (0.098209510066827738, 0, 2))
((0.09630687574952905, 4, 3), (0.096306875749529147, 4, 3))
((0.09630687574952905, 4, 0), (0.096306875749529147, 4, 0))
((0.09630687574952905, 3, 4), (0.096306875749529147, 3, 4))
((0.09630687574952905, 0, 4), (0.096306875749529147, 0, 4))
((0.06539778989239284, 4, 2), (0.065397789892392866, 4, 2))
((0.06539778989239284, 2, 4), (0.065397789892392866, 2, 4))
((0.0607804452357682, 3, 1), (0.060780445235768123, 3, 1))
((0.0607804452357682, 1, 3), (0.060780445235768123, 1, 3))
((0.0607804452357682, 1, 0), (0.060780445235768123, 1, 0))
((0.0607804452357682, 0, 1), (0.060780445235768123, 0, 1))
((0.047733779348604836, 4, 1), (0.047733779348604767, 4, 1))
((0.047733779348604836, 1, 4), (0.047733779348604767, 1, 4))
((0.04083249597914276, 2, 1), (0.040832495979142736, 2, 1))
((0.04083249597914276, 1, 2), (0.040832495979142736, 1, 2))
